"ID","diff_M","diff_M_abs","diff_SD","diff_M_Ab","diff_M_abs_Ab","diff_SD_Ab","diff_M_Fl","diff_M_abs_Fl","diff_SD_Fl","diff_M_abs_60_Ab","diff_M_abs_90_Ab","diff_M_abs_120_Ab","diff_SD_60_Ab","diff_SD_90_Ab","diff_SD_120_Ab","diff_M_abs_60_Fl","diff_M_abs_90_Fl","diff_M_abs_120_Fl","diff_SD_60_Fl","diff_SD_90_Fl","diff_SD_120_Fl","diff_Z","Gr","age","sex","Q1_syn","Q2_syn","Q3_syn","Q4_syn","Q5_syn","Q6_syn","Q1_asyn","Q2_asyn","Q3_asyn","Q4_asyn","Q5_asyn","Q6_asyn","illusion_mean_syn","control_mean_syn","str_syn","illusion_mean_asyn","control_mean_asyn","str_asyn"
1,-3.00333333333333,4.36333333333333,4.99244141321336,-2.36,3.12,3.1730562103886,-3.64666666666667,5.60666666666667,6.37762457644657,2.72,2.72,3.92,2.00922870773837,3.06153556242615,4.35717798580686,10.36,3.46,3,4.77001048216878,0.901665126307982,3.02770540178532,-0.375768238578766,"C",26,"K",3,3,3,3,2,2,3,-3,-2,-3,-3,-1,3,2.33333333333333,0.666666666666667,-0.666666666666667,-2.33333333333333,1.66666666666667
2,-3.10666666666667,3.58666666666667,3.45522426372641,-3.05333333333333,3.24,2.68218105990167,-3.16,3.93333333333333,4.18685016279712,2.46,3.68,3.58,3.48425027803687,1.54499190936393,2.85517074795887,5.86,3.92,2.02,4.58181186868252,3.1397452125929,3.19249119027759,-0.781524099125861,"C",24,"M",3,3,3,2,-2,-3,-3,-3,-2,-2,-3,2,3,-1,4,-2.66666666666667,-1,-1.66666666666667
3,1.87,4.61,5.7025191045652,2.76,4.38666666666667,4.80993020442382,0.979999999999999,4.83333333333333,6.52130574129358,2.88,3.4,6.88,3.67450676962229,3.1540450218727,4.84024792753429,7.2,5.52,1.78,4.43339598953218,6.61037064013811,2.63571622144722,-0.246901570422177,"C",23,"M",0,1,-3,-3,-3,-1,-2,-3,-2,-3,-2,-3,-0.666666666666667,-2.33333333333333,1.66666666666667,-2.33333333333333,-2.66666666666667,0.333333333333333
4,-2.17666666666667,5.49666666666667,7.0823570659206,-0.964285714285717,4.72142857142857,6.08410376976911,-3.2375,6.175,7.89446008286824,4.66,2.92,7.04999999999999,3.54570162309239,3.90742882212843,6.52099174461471,11.28,3.04,4.53333333333333,7.291570475556,2.85884592099679,4.6784612855083,0.21632185835691,"F",24,"K",3,1,1,1,-2,2,-2,-3,-3,-2,-3,3,1.66666666666667,0.333333333333333,1.33333333333333,-2.66666666666667,-0.666666666666667,-2
5,-5.28333333333333,6.83666666666667,7.57837592160718,-4.16666666666667,6.46,8.24852079091126,-6.4,7.21333333333333,6.94663330583343,10.7,5.44,3.24,10.567308077273,7.37109218501573,4.18807831827439,14.24,5.34,2.06,3.84746669901118,3.41145130406401,2.59942301290113,0.916381325910269,"F",24,"K",3,-3,1,-3,-3,1,3,-3,-3,-3,-3,3,0.333333333333333,-1.66666666666667,2,-1,-1,0
6,-3.63,4.75,4.57158766656656,-4.24666666666667,4.80666666666667,3.7105769029062,-3.01333333333333,4.69333333333333,5.35802024561133,3,3.84,7.58,3.80092094103521,2.80588666912974,1.03295692068934,6.64,4.3,3.14,7.79403618159423,3.52306684580353,4.11436507859961,-0.173761029036005,"F",21,"K",3,2,3,-2,-2,-2,1,-2,0,-2,1,-2,2.66666666666667,-2,4.66666666666667,-0.333333333333333,-1,0.666666666666667
7,-3.27666666666667,6.73666666666667,8.35475018026946,-4.05333333333333,5.86666666666667,6.62731001955077,-2.5,7.60666666666667,9.96873684504282,11.28,1.7,4.62,3.27215525304041,2.10166600581539,6.31173510217278,13.88,2.18000000000001,6.76,8.06455206443607,2.44172070474902,1.46047937335657,0.864138082063004,"C",25,"K",3,0,1,-2,2,3,0,-3,-2,-3,-1,2,1.33333333333333,1,0.333333333333333,-1.66666666666667,-0.666666666666667,-1
8,-0.593333333333333,3.42,4.37208490731614,0.820000000000001,2.84666666666667,3.48879840141478,-2.00666666666667,3.99333333333333,4.81077164387625,2.96,3.06,2.52,3.30877620881195,2.99115362360411,2.26870006832107,6.1,3.04,2.84,4.66261729074991,2.94923718951189,2.17899059199437,-0.868596172204637,"F",21,"K",3,2,3,-2,-2,-2,1,-2,0,-2,1,-2,2.66666666666667,-2,4.66666666666667,-0.333333333333333,-1,0.666666666666667
9,-4.72666666666666,6.27333333333333,5.26549819716689,-5.31333333333333,5.94,4.13432783734752,-4.14,6.60666666666667,6.29294389432664,8.34,6.53999999999999,2.94,1.00399203184089,2.60633842775646,4.0097381460639,10.2,5.92,3.70000000000001,2.73587280406089,1.37003649586425,1.59530561335438,0.622077718904006,"F",31,"M",3,2,2,-3,-3,-3,1,1,2,-3,3,2,2.33333333333333,-3,5.33333333333333,1.33333333333333,0.666666666666667,0.666666666666667
10,2.32333333333333,5.48333333333333,5.76730878094044,2.54666666666667,4.48,4.41763780877561,2.1,6.48666666666667,7.01976800593459,2.9,4.84,5.7,1.83847763108502,2.18013761033564,2.02113829314077,6.58,5.88,6.99999999999999,2.99532969804661,2.85692141999041,3.64485939372152,0.209356092510609,"C",37,"M",2,-3,-2,-3,-3,-3,-3,-3,-3,-3,-3,-3,-1,-3,2,-3,-3,0
11,-4.05,5.33666666666667,5.08159288086881,-2.36,4.57333333333333,5.48514878037571,-5.74,6.1,4.15723122144673,8.64,1.92,3.16,2.2006817125609,2.11660104885167,2.80588666912974,9.78,5.62,2.9,2.95922287095785,1.85391477689779,2.9439769020833,0.132732668201285,"F",21,"K",3,-1,0,1,-3,2,-1,-2,0,1,-3,0,0.666666666666667,0,0.666666666666667,-1,-0.666666666666667,-0.333333333333333
12,-6.06333333333333,6.89,5.73082911094464,-5.69333333333334,6.48,5.36422896425501,-6.43333333333333,7.3,6.24198533740516,9.46,3.66000000000001,6.32,3.18873015477948,5.27873090808766,4.50854743792278,13.2,4.62,4.08,2.86966897045635,4.07492331216183,4.66583325891528,0.944244389295478,"C",23,"M",3,2,1,-3,0,-1,-2,-2,-2,-1,-3,-2,2,-1.33333333333333,3.33333333333333,-2,-2,0
13,-1.60666666666667,3.15333333333334,3.70906934449854,-1.06,2.75333333333333,3.04743451822302,-2.15333333333334,3.55333333333334,4.30927018459153,2.72,2.12,3.42,2.80588666912975,2.54558441227157,3.95499683944248,4.62,2.74,3.3,4.96709170440812,3.34693889995022,4.17408672645885,-1.00791148913068,"F",19,"K",3,-1,-1,-3,1,2,3,3,1,-3,1,-3,0.333333333333333,0,0.333333333333333,2.33333333333333,-1.66666666666667,4
14,-5.07,6.25,4.98522990857787,-5.5,6.96666666666667,5.61642997946967,-4.64,5.53333333333333,4.42037490329885,8.88,4.98,7.04,9.21260006729913,2.87349960849136,3.55991572933967,7.8,5.6,3.2,3.10080634674273,3.23959874058501,3.66428710665526,0.609887628672977,"C",24,"K",3,2,3,3,1,-3,-3,-3,-3,-3,-3,-3,2.66666666666667,0.333333333333333,2.33333333333333,-3,-3,0
15,-5.43333333333333,6.68666666666667,7.0979517848623,-4.70666666666667,4.70666666666667,4.03050274543417,-6.16,8.66666666666667,9.32652132362329,5.7,2.19999999999999,6.22,5.66038867923396,2.33773394551219,2.72066168422317,16.02,6.14,3.84,6.24995999987199,2.93479130433494,3.76988063471511,0.838016460139371,"F",21,"K",0,1,1,0,-2,-3,0,-1,0,-3,-3,-2,0.666666666666667,-1.66666666666667,2.33333333333333,-0.333333333333333,-2.66666666666667,2.33333333333333
16,-3.23333333333333,4.11333333333333,3.84585162384662,-4.2,4.38666666666667,3.47994252826107,-2.26666666666667,3.84,4.06512461005048,7.32,2.88,2.96,3.55626208258053,2.36812161849851,2.40374707488122,5.5,3.06,2.96,3.46193587462275,3.28222485518589,3.71994623617063,-0.506376348196929,"C",23,"K",-3,-3,-2,0,1,2,1,1,-3,-2,1,-3,-2.66666666666667,1,-3.66666666666667,-0.333333333333333,-1.33333333333333,1
17,-2.71333333333333,3.76666666666667,4.44481358620268,-2.78666666666667,4.02666666666667,4.78865723300782,-2.64,3.50666666666667,4.24041776917592,3.02,6.46,2.6,3.66905982507781,5.2927308641192,3.42957723342106,1.8,6.1,2.62,1.41527382509534,4.92087390612684,3.53029743789386,-0.687486260200783,"F",22,"K",1,2,1,0,3,-1,-3,-3,-3,-3,-2,-3,1.33333333333333,0.666666666666667,0.666666666666667,-3,-2.66666666666667,-0.333333333333333
18,-5.87,6.46333333333333,5.83911601717837,-4.05333333333333,5.02666666666667,4.80845485527712,-7.68666666666667,7.9,6.35866862375031,5.6,2.6,6.88,3.4358405085219,3.20499609984162,6.12062088353787,14.36,7.48,1.86,4.71359735234141,1.92535710973315,2.75626558952507,0.721339882213811,"C",21,"K",2,2,0,0,1,-1,2,1,-1,-2,-2,-2,1.33333333333333,0,1.33333333333333,0.666666666666667,-2,2.66666666666667
19,-6.58666666666667,6.70666666666667,6.14725805617394,-5.38666666666667,5.52,5.02662435248074,-7.78666666666667,7.89333333333333,7.06569849612162,7.52,3.9,5.14,6.3538964423415,4.7586762865318,3.89910246082352,16.1,3.53999999999999,4.04,4.16353215431321,2.29085137012421,4.74836814074057,0.848465108908824,"C",19,"K",3,3,3,0,0,1,1,-3,1,0,0,0,3,0.333333333333333,2.66666666666667,-0.333333333333333,0,-0.333333333333333
20,-1.91333333333333,5.18666666666667,6.07503275616731,-3.13333333333333,4.92,5.68427237040524,-0.693333333333333,5.45333333333333,6.39904754817539,10,1.9,2.86,1.57162336455017,2.10356839679627,3.11207326391909,7.88,3.66,4.82,2.83496031718259,4.82462433770755,2.43864716595083,0.0543678024303875,"C",23,"K",3,-1,1,-3,-3,-2,-3,-3,3,-1,2,2,1,-2.66666666666667,3.66666666666667,-1,1,-2
21,-0.666666666666667,4.08,5.3094147565877,-0.513333333333333,3.72666666666667,5.03258903358424,-0.820000000000002,4.43333333333333,5.74595509902401,1.88,3.5,5.8,2.72708635726851,5.8589248160392,4.84644199387551,6.48,3.62,3.2,6.2989681694703,3.68605480154596,4.61443387643598,-0.523790762812684,"F",21,"K",2,2,2,0,0,-2,-2,-2,0,-2,0,-2,2,-0.666666666666667,2.66666666666667,-1.33333333333333,-1.33333333333333,0
22,-0.596666666666666,3.65666666666667,4.45432632263351,0.160000000000001,3.78666666666666,4.63122939555856,-1.35333333333333,3.52666666666667,4.29232981469216,4.06,2.34,4.96,4.59543251500879,2.4139179770655,2.11730961363708,5.92,2,2.66,4.35694847341577,1.80499307477896,1.98569886941601,-0.744953828432776,"F",21,"M",3,2,1,-2,0,-3,-3,0,2,1,-3,-3,2,-1.66666666666667,3.66666666666667,-0.333333333333333,-1.66666666666667,1.33333333333333
23,0.65,3.42333333333333,4.07598094814674,-0.0533333333333336,2.66666666666667,3.51687090357053,1.35333333333333,4.18,4.58099594078884,2.64,1.22,4.14,3.27032108515357,1.65620047095755,5.35583793630838,4.46,3.7,4.38,3.14276947929688,2.23047080231954,2.04254742906988,-0.866854730743061,"C",22,"K",3,2,1,-3,2,-3,-2,-2,-1,-3,0,-3,2,-1.33333333333333,3.33333333333333,-1.66666666666667,-2,0.333333333333333
24,-2.09333333333333,2.64666666666667,2.59627496197165,-3.36666666666667,3.38,1.9934416278912,-0.82,1.91333333333333,2.55236584928012,3.88,3.52,2.74,1.16490342947388,1.12782977438973,3.21947200640105,1.14,2.42,2.18,1.43805424097981,3.10596200878246,2.88755952319601,-1.27261059129016,"F",21,"K",-3,-2,-3,-3,-3,-1,-3,-3,-3,-3,-3,1,-2.66666666666667,-2.33333333333333,-0.333333333333333,-3,-1.66666666666667,-1.33333333333333
25,1.37333333333333,4.16,4.95719145549542,2.38,4.75333333333333,5.04128668383097,0.366666666666667,3.56666666666666,4.82873344332307,3.04,6.04,5.18,2.85534586346383,3.76536850786215,4.29103717066166,4.24,1.34,5.12,1.6379865689315,1.87803088366512,4.53894260814124,-0.481996167734872,"C",27,"K",0,2,2,-3,1,0,0,-2,-2,-2,-2,-3,1.33333333333333,-0.666666666666667,2,-1.33333333333333,-2.33333333333333,1
26,-1.36666666666667,3.31333333333333,4.14723284008567,-2.71333333333333,3.43333333333333,4.06305069527578,-0.0199999999999989,3.19333333333334,3.90296590519862,7.38,1.92,1,5.35565122090676,0.993478736561584,1.45705181788432,4.3,1.2,4.08,2.51296637462581,1.47918896696805,0.928439551074811,-0.924322298975053,"C",31,"M",2,2,-2,-3,-3,-3,-3,-3,-3,-3,-3,-3,0.666666666666667,-3,3.66666666666667,-3,-3,0
27,-7.31333333333333,7.58,5.13787379432745,-5.83333333333333,6.26,4.66042099058913,-8.79333333333333,8.9,5.31674802147041,8.64,4.32,5.82,4.59815180262679,4.47861585760601,3.90089733266591,15.38,5.92,5.4,1.54822478988033,1.09407495172862,3.68198316128686,1.30472277184161,"F",22,"K",-1,1,-2,2,-3,3,-3,-3,-3,-3,-3,-2,-0.666666666666667,0.666666666666667,-1.33333333333333,-3,-2.66666666666667,-0.333333333333333
28,1.47333333333333,5.19333333333333,6.00901238849259,1.19333333333333,5.31333333333333,6.35615187567656,1.75333333333333,5.07333333333333,5.85038053300402,6.32,3.6,6.02,5.82683447508165,2.92318319644869,4.31427861872643,4,3.86,7.36,4.92442890089805,5.05915012625638,3.29438916948195,0.0578506853535386,"F",22,"K",3,3,3,-1,-2,2,-2,-2,-3,-1,-2,-3,3,-0.333333333333333,3.33333333333333,-2.33333333333333,-2,-0.333333333333333
29,-0.159999999999999,3.65333333333333,4.97071423439328,-1.14,3.87333333333333,5.65935382480065,0.820000000000002,3.43333333333333,4.13455819025098,2.94,2.34,6.34,3.04499589490692,3.69891876093541,6.66010510427576,2.38,2.7,5.22,2.75263510113491,2.80659936578059,4.40056814513763,-0.74669526989435,"C",23,"K",2,2,-1,0,-2,-2,-2,-2,-1,1,2,3,1,-1.33333333333333,2.33333333333333,-1.66666666666667,2,-3.66666666666667
30,-0.206666666666666,4.01333333333333,4.78099205787578,0.0999999999999986,4.23333333333333,4.94252682628748,-0.513333333333331,3.79333333333333,4.76638027777694,3.92,3.3,5.48,4.41100895487642,2.53475837112732,2.16725633001729,5.48,2.42,3.48,5.30735338940229,3.09143979401185,4.56453721641088,-0.558619592044195,"F",22,"M",-3,-3,-2,-3,-3,-3,-3,-2,-2,-3,-3,-3,-2.66666666666667,-3,0.333333333333333,-2.33333333333333,-3,0.666666666666667
31,-5.49,8.46333333333333,9.22337173743401,-7.86,8.88666666666667,8.60521436605238,-3.12,8.04,9.49377239487625,12.9,10.16,3.60000000000001,11.4361269667663,8.71303621018528,2.7046256672597,14.08,6.52,3.52,4.45387471759141,7.98404659305042,1.81300854934554,1.76620475915912,"F",23,"K",-2,-3,-2,-3,0,-2,-3,-2,-2,-3,-2,-3,-2.33333333333333,-1.66666666666667,-0.666666666666667,-2.33333333333333,-2.66666666666667,0.333333333333333
33,-0.86,5.52666666666667,7.36696259872646,-0.773333333333335,5.8,7.7930799584051,-0.946666666666664,5.25333333333333,7.18837023717245,6.42,8.38000000000001,2.6,9.30231154068708,10.5234500046325,3.59722114972099,8.38,1.92,5.46,8.5280126641557,1.90052624291273,5.80542849409069,0.23199483151109,"F",22,"K",3,3,3,-1,-1,3,-3,-3,-3,-3,-3,-3,3,0.333333333333333,2.66666666666667,-3,-3,0
34,-0.853333333333331,2.36666666666667,2.81433930916769,-0.773333333333331,2.61333333333334,3.30010100855514,-0.933333333333332,2.12,2.34571544573952,2.02,3.82,2,2.59557315443044,4.45791431052685,2.47850761548154,1.9,2.96,1.5,2.22373559579371,1.91441897190767,1.97230829233161,-1.4188916740625,"F",24,"M",1,2,1,-3,-3,-2,-3,-3,-3,-3,-3,-3,1.33333333333333,-2.66666666666667,4,-3,-3,0
35,-7.55333333333333,8.04666666666667,7.32109532663038,-4.29333333333333,4.90666666666667,5.10468505628011,-10.8133333333333,11.1866666666667,7.88632330291469,8.34,4.54,1.84,6.14149818855302,2.02311640792121,2.40935676063135,19.02,9.2,5.34,6.82290260812801,1.4560219778561,5.21794978894968,1.54852457646218,"F",32,"K",1,1,-2,-2,1,-3,-3,-2,-3,-3,-2,-3,0,-1.33333333333333,1.33333333333333,-2.66666666666667,-2.66666666666667,0
36,-2.07666666666667,4.18333333333333,4.60110056799258,-2.16,3.61333333333333,4.18940841374326,-1.99333333333333,4.75333333333333,5.12702457107248,4.68,3.8,2.36,5.22044059443262,4.46060534008558,3.18355147594632,6.5,2.5,5.26,2.34946802489415,2.8271894170713,6.26514165841444,-0.469806077503844,"C",25,"M",-2,-1,-2,0,2,-2,-2,-2,-1,-1,1,-1,-1.66666666666667,0,-1.66666666666667,-1.66666666666667,-0.333333333333333,-1.33333333333333
37,-1.48333333333333,5.28333333333333,6.61691058932539,-2.85333333333333,3.77333333333333,5.12052824655909,-0.113333333333334,6.79333333333333,7.77513129578316,8.16,1.78,1.38,5.56264325658225,2.22822799551572,1.74212513901843,8.96,5.84,5.58,2.13611797427015,3.27536257534948,6.61037064013811,0.104869604816077,"C",21,"K",2,3,3,-3,-3,-3,3,1,3,-2,3,-3,2.66666666666667,-3,5.66666666666667,2.33333333333333,-0.666666666666667,3
38,2.52666666666667,3.46666666666667,3.59836489048255,4.32666666666667,4.63333333333333,3.54128037108991,0.726666666666666,2.3,2.70883914690584,7.52,4.44,1.94,2.42012396376715,1.9919839356782,2.76351225797896,2.88,1.84,2.18,3.26312733432209,2.69221098727422,2.68737790420328,-0.84421599174258,"F",32,"K",1,2,2,0,2,-1,-3,-3,-3,-3,-2,-3,1.66666666666667,0.333333333333333,1.33333333333333,-3,-2.66666666666667,-0.333333333333333
39,-0.183333333333334,4.03,5.17067882779717,1.64666666666667,4.54,5.71575100260758,-2.01333333333333,3.52,3.94151288333856,4.4,5.22,4,3.58078203748846,4.6596137178955,3.60832371053374,6.34,1.56,2.66,1.82290976189168,1.60872620417522,3.30348301039978,-0.549912384736317,"F",23,"M",-3,-3,-3,-2,-3,-3,-3,-3,-3,-3,-3,-3,-3,-2.66666666666667,-0.333333333333333,-3,-3,0
40,0.469999999999999,2.95,3.68062494693496,1.51333333333333,2.48666666666667,3.05236832327824,-0.573333333333334,3.41333333333333,4.05118442410306,1.8,1.52,4.14,2.47123450930906,1.53720525630119,4.87103685060994,3.84,2.74,3.66,1.41173651932647,3.99374510954317,2.797677608303,-1.11413941828679,"C",28,"K",-2,-2,3,-3,-3,-2,1,1,1,-3,-3,-2,-0.333333333333333,-2.66666666666667,2.33333333333333,1,-2.66666666666667,3.66666666666667
41,-2.66666666666667,4.26,4.41879475948327,-3.88,4.44,3.93504401863199,-1.45333333333333,4.08,4.66979147082098,6.22,4.16,2.94,4.71030784556594,2.69388195732478,3.29013677527242,4.64,3.66,3.94,2.94159820505792,3.43045186527956,0.873498712076896,-0.429752923887607,"C",20,"K",-2,-1,2,-3,-2,3,1,1,2,-1,-3,0,-0.333333333333333,-0.666666666666667,0.333333333333333,1.33333333333333,-1.33333333333333,2.66666666666667
42,-0.933333333333331,4.52666666666667,5.99311865929316,-3.68,4.66666666666667,6.02900133876724,1.81333333333334,4.38666666666667,4.67819664074992,9.82,2.65999999999999,1.52,7.27550685519573,3.71254629600763,1.06395488626163,4.02,3.52,5.62,3.65786823163438,1.97661326515836,4.07455519044718,-0.290437606961565,"C",22,"K",2,1,2,-2,-3,-3,0,1,-1,-3,-3,-3,1.66666666666667,-2.66666666666667,4.33333333333333,0,-3,3
43,-2.34666666666667,3.1,3.34104395550907,-2.90666666666667,3.25333333333333,3.55998929907434,-1.78666666666667,2.94666666666667,3.12681185570101,2.86,4.94,1.96000000000001,2.43885218904303,4.6618665789574,2.5635912310663,3.54,3,2.29999999999999,3.92657611666959,3.88368381823237,1.72568826848883,-1.03577455251589,"F",24,"M",2,1,0,-2,-3,-3,-3,-3,-3,-3,-3,-3,1,-2.66666666666667,3.66666666666667,-3,-3,0
44,0.36,3.55333333333333,4.40889383265079,1.34666666666667,4.34666666666667,5.30631250313741,-0.626666666666667,2.76,3.16576929641047,5.82,3.52,3.7,6.8742272292964,5.58587504335713,2.91410363576864,3.8,2.18,2.3,1.17260393995586,2.96344394244265,1.24498995979887,-0.798938513741616,"F",19,"M",1,1,0,-2,-2,0,1,0,0,-2,-1,0,0.666666666666667,-1.33333333333333,2,0.333333333333333,-1,1.33333333333333
45,-6.36333333333333,7.65,8.14660848973715,-7.11333333333333,7.80666666666667,6.58340626843263,-5.61333333333333,7.49333333333333,9.63993677118169,12.76,5.62,5.03999999999999,5.98397860958744,2.37739353073908,6.78439385649153,18.12,1.46,2.9,3.84798648646276,1.52052622469986,2.82134719593317,1.34129304253469,"C",26,"M",3,0,1,-1,-2,0,-2,-2,-1,1,1,1,1.33333333333333,-1,2.33333333333333,-1.66666666666667,1,-2.66666666666667
46,-3.18,3.78,3.10221278089222,-2.88666666666667,3.87333333333333,3.70209721772995,-3.47333333333333,3.68666666666667,2.45864848665936,3.18,3.68,4.76,4.22409753675267,4.3073193519868,1.56300991679515,4,4.06,3,3.59485743806343,1.85013513019996,2.02113829314078,-0.680520494354482,"C",27,"M",3,2,1,2,-1,1,-3,-3,1,-1,2,0,2,0.666666666666667,1.33333333333333,-1.66666666666667,0.333333333333333,-2
47,-4.05333333333333,4.36666666666667,4.13018604685179,-2.86,3.02,3.11970694594403,-5.24666666666667,5.71333333333333,4.74881438837507,4.2,2.76,2.1,3.44020348235391,2.79874972085751,3.19640422975568,10.26,5.3,1.58,2.45316122584717,2.3473389188611,1.97281524730523,-0.374026797117189,"C",19,"K",3,3,1,-3,-3,2,-3,-3,-3,-3,-3,3,2.33333333333333,-1.33333333333333,3.66666666666667,-3,-1,-2
48,-7.78,8.26,6.57185220309391,-9.19333333333333,9.19333333333333,5.04543169137993,-6.36666666666667,7.32666666666667,7.72830296162532,11.88,6.48,9.22,6.24315625305021,3.3334666640001,4.55872789273499,16,2.96,3.02,3.6469165057621,1.87962762269551,3.63840624449772,1.65997683000302,"C",24,"K",2,0,2,-2,1,1,-2,-2,-3,-3,-3,-2,1.33333333333333,0,1.33333333333333,-2.33333333333333,-2.66666666666667,0.333333333333333
49,0.473333333333333,3.68,5.38829723812976,-2.04,3.32,4.13932361624457,2.98666666666667,4.04,5.42874185196147,4.82,0.859999999999999,4.28,5.20028845353794,1.30384048104053,4.54455718414897,5.5,2.22,4.4,8.14616474176652,2.8483328457187,4.72546294028427,-0.732763738201746,"F",26,"K",2,2,3,1,1,2,3,3,3,1,2,1,2.33333333333333,1.33333333333333,1,3,1.33333333333333,1.66666666666667
50,-2.97666666666667,6.21,9.65443201184121,0.419999999999998,3.79333333333333,4.79779711355713,-6.37333333333333,8.62666666666667,12.0553761964567,2.7,3.12,5.56,3.35931540644817,2.79105714739057,3.30121189868206,20.42,3.24,2.22,10.5174616709546,4.23874981568858,1.99047732968753,0.588990331134072,"F",27,"M",3,3,2,-3,-3,-3,-1,-1,-3,-3,-3,-3,2.66666666666667,-3,5.66666666666667,-1.66666666666667,-3,1.33333333333333
